V

 

AB EXGESSU AUGUSTI ΙΙ. 33-34. [111

1533333Ἰ 31333133 31113 Humani 13133311Ἴ quod 3333 rubi-um 311 -
13333 33133311.

1111, Dum 33 333133 (1333133133 11111333 [131- 3333133133 1331131-
gitur* 113311 1333 113333 1133333 3133331311 131131333 1333313333 311
[1133333133 utque 133313 1331 3133333333 33333 111 33111331 11131-
31333133. 3331- 13133 (1313333 33111113 1333313 1131111113 1331331113,
profugam 31131 31 3133333331 31 1333 [1311113 331133 3133 1111133331
311333. 13 3311113 31333 11333 Marcomanorum ingffitlitm· 333333113-
333 primoribus 311 333131313111 inrumpit regiam 33313111131333 13313
3113111. 3313333 11113 3331133331 33333133 31 3331313 3 3333133113
11333 33 -3313311313333 reperti! 3333 133 33313133311, 11313 333133
augendi 3331131331, 333133133111 31111313 3313133 3313 33331333 31]
aedit-‚ua 1133111313 111 agrum 133331313331.

63. 3133333333 33111333 (1333313 333 aliud 3333131313 quam
3113331331·ῆὶ3 (33333313 fuit. tranflgrffisuss 1333331313τ qua Noricam
[1333133133] 1133311311, 33313311 Τ11131·13 333 31 33313333 331 3333133,
3341 33 1113313313 prim-is 1331331131 3331 3131113 3311331333 313313-
simum 3331111331 333331 311 33 3333311333 Romanam 33113111331
praiz-taliam. fflsspnnssum 3 [1333333 1313111 31 honoratamque 3311331
13 Italia 1333, 31 manerat: 313 331133 3133 31131133311333131, 3111-
133331 33, 11113 333 33313331. 33133331 apud 33331331 [1133331111
333 Philippum 311133133311133ᾖ 333 Pyrrhum 331 3311333331 33-
pult] 11331333 33313113 3131333333 131333. 311131 333113, qua magui-
tudiimm 3133 31313311331 3311133133331, 31 gentium 31 quam [3-3-
31331133 1131133 113311,3,-333333 13 [1331333333 33 33331113 3313111.
311313331133333 quidem 1111333333 33111133, 31 33331131333133333331
1133111, 33331331111333313 reguum ostentabatur: 3311 333 1311333311
Italia 113311331133131311 33333 333333311333 31311331 imminuta
3131111113 31] nimiam 31333111 3331313331. 111331 [1313311133 33333
113333 aliud perfugium„ 331333 haud 1113113 3331113311133113333331
opibus„ 31 vibilia 11333 1·333[111131[33 Forum Iulium, Η331133311313
Galliae 3313111331ἱ mittitur. 1133111131 3133311133 3331111111, 33 (1313133
3333133133 immixti 13 31133331, [1331131331 3113313131· 11313133 Mai-um
31 [333331 1333111311, [1313 3333 Ἱῦ1133313 1333113 [summum.

54* 11111131 33311313 3311313 Artaxian 3331311113 3 (1333133133

113131111 1133333333 331333 31113313331333 31333 1133333 3333133
Tin-‚ut 313 aaa.. Aug. 1-111, 5

 

