1, 1-71 [ἪΗΝΕῙᾹῘ ΤΑῌΙἹΊ

311113 1113111111 3111113, 3133131313 11313133 [1311311131 11131133 1111331133
1131113313 31113133 13111113331111, 1111311] 1133313 1131311333 11113111135
1111311111 11113131331131* 33111133 11311311] 1113113.

411. 111311 11111 11333 333 apud 1331331 3133113 propinquabat
1311133311] 33133ΙΙ inconditique 33 1111111133 333311 3311111331 11311113
3311113 1131133 auribus 33113 331111313113111. 33111113 Silius.ss 3131 11133-
sumpta 31133 1131133111 3311333 3113133131Ἷ 31313113331 13111311, 1111-
1133111111] 111313ῙῙ 1111311 Germaniarum 11313133 3111313331 [1131133 13111ᾳ
1111311] 13 11331311] [1333133131. ’3113 11111131· 3311313 1311311331 Turn-
1111111.r 11113 1113 ΤΓ31131-3111Ἰ 1133333 11111113 1113133 3331311113 13111133
111311113113113 8311113333. 11331113 1133111113 111133 31 Ὶ13111111111111113 31111-
1311133ΊΕ tantu 1113313 1111131133 3311333 3111113113 31 11131311111133 333-
31111135* iugens 311 33 3131331·Τ 31 311·311131’31111 13111111 311333 1131]-
131311113 1131111133 1111133313Ἰ 1133 3333131331 3111111 1313111, 1131111111]
1113133 111111131131311311 133133111133 1313311313 3111131333] 111111 31
1113111331 3311 1111133 3311311113 3333111333 31 1131311113, 111 31 11131311]
111311-3111113131, 33311313 1311131113 31 1131113131 quidam 1131111133 331
fui-eis 1113111311] 13313111 1111331313313, 13333133333 1111113 311 1331111-
,agencium 111311 1111331 3331111333 113113311331111. 5331311111 11111113 1111-
111113111111131131,Ι 113111 1113111 1131111131113 111 11111311] 1113111311113111 311111
1111133111113 11311111. 11113 3113 1113311Τ 13111131 11131313 1311111113 3331113131
13331133 3111131· Ἰ11113 31111133 3131113111.

4‘1'. Τ3111 1131111131 Τ11131·1113 31111111 1131131311111113 1131111111 33111113
3311113111 11311113 1133111311 3111 3111111111 13113, 3311 11113 33 11111113 13ῃ
113133, 33 3311311113 31111311111333. 31111111 333333Ἰ 3111 11311 11133, 1133
[11113113 13313311 1111 111 1131111111 131331, 3111331111, 133331131113331
1131131111 31113113331 11311113 1133313111 principibu& 31 11113 1111311113 311-
1111113 11111131, 3111111313 11111311]Ὶ 11311313331111313111111311. 311113, 113111
333 1113111 [11133131-1 11111111111, 111 11133333113 3113313131 333111333133
11113. 1133131313 11311133 ’13111 11113 13111111 31113 31111111133113113311113 31
3113 1133313. 331113 [1313113113 Commium* 1111111 31113113 3313133 113131,
3113311133] 13 31131311333111 111-1131333113Ἰ 33331111 111 11113113 3 [1331113313
1111113111 1313131131·Η igitur 33311133 [33333113 11113133, 1111111113 33 1133
13111 Ἰ13333111 ,11131111 111-33111331131Ἰ 111 1133113133133111133 11311133 1131·-
1131111133, 131 1333111113 13 1111311111. 3111 31113133 1113311111113Ι 1331 3311131
1131·3,·.11,“1111111111113 3111111111311113 1113113 1ζ11“113ι11111111 11313131.

 

