AB EXGESSU AUGUSTI HI. ssss—flss. 1¹]ss

31, 31 13313111 1131· 1131113131, 311 31311331313 33331133 iturum 13311-
33113 331131313331, 113111 33333113, [1313 3333113133, 1133113313
33333131 1333 3333 331113 331311 113311 1331133 311331 113333 333-
3331 1131111, qui, 3313113 [1333 131113 3331 3333111313, 31333131313
131 3331 3111113 3133313311.

ΕΤ. 31111313 3313313111 33311131313111 11311133 Ρ311113313 311 M.
Ρ33331113, 1113 33333131 811331, 1113 13331113. 333 [13111311] 113113-
batur 3331111133 333131331333 333331311113 133311 133111. 3311 133113
adgerebantur 311331 1333311333 3311331333, 3313 33331 131 3333-
111133 3111313113 133331113313113 131133 113133 33333 ad 333333311331
1131331113 1333333313133133 313133111 3333133, 3133113 111 133113, 331
3331311331 11113333 3133333113111 1133111131, 333 13133313313 Tiberin
quin 3131113131 1333 13113, [33 quud 1333 3131131111113 131311333331,]
33333 1313113113 331 31131313 1111113131, 33 33333 311331 333111333313
31311, 33 1133113 333331113331.» 331133 33311113 511331, 31 1313133113
1313113331311131, 33131· 3311113113 1331331313 3333113131. 3133 11313
113333331131313 11113131 331131 113111313, 31313313113 31131133 31111113*
1133131, 1113313111 31Ι 3333331133 31133111, igitur 3311111 33333133]
11131331 1313113313 1131333133313 331 1133311111, 311313 311 [1333313111
311111311113, 11311133 1311111331 31 313333 3113333131.

113. Τ111311113 [1333 13 1511331131 331-31131, qun 3333331133 3311
33313313 333133133131, 11331133 divi 1111113311 [13 1131333 1113333113
313311313 313133 313 33113313 1331331333 13 3313 3333133 3333311313
13311311 131131. 1313 L. Ρ13311331 3331331133] rogat„ 1113 1311111313
[13 3133133113 3113111313 3133131133 3333 atque igni Silam] 13131·-
[11333113111 33331111 1333111333 13 13331313 Gyarum relegandum.
3311313 331311, 3131 quod Gn. Lentuluffi 3333133113 Silani 1113131113
113113, quippe 111113 3313313 geniti, reddendaque 11113 dixit 311-
1133313 Τ1113113.

69. At Cnmffliufl Dolabella [13111 adulationem [31131113 33-
331131, 1331331113 C. Silani 13311333 addidit, 33 11313 1113 313-
1113333 31 3331133 13131313 31311331313 3311113131, idque 31133333
[111311133131. 113111 3 13311133 11311313 333111; 1133313 1313 13111113 13
13333, 3131133 13 333133, 3131111311 33 333331313τῖ 3111313331 11333
1113331311 6333311 333 33111331 31111 133313 3333 1131511333 1111-
3313111111, 3311 333 311 11131313 31313333313. 3131133 111 3131133113

