CORNELII TACITI
33 3111133311 mm AUGUSTI

l. Nihil intermissa navigatione 11133131 133113 3131-11111133 (3111·-
3111331 1113111331 advehitur, 1111113 [1313111133 31111113 sitam, 111111
11311333 11133 3333333333 331133 1331131111, violenta 11111111 et 333313
1313133111. interim 3111133113 31113 31111113 13111333 1111131133 3311331331
31, 1113111133 3111113133, ut 11311133 331) [131-1113111311 3113331113 1333-
1331, 1331111133 311331 ignoti 1131313 3 1111111111111113, 11313 3111311131
111 111133111313 rati, 1113133 11133 33311111, 111313 311 oppidum Brun-
111311131, 113311 1131133311 331311113313 111113311333111113 adpulsu 31311.
atque 3111 1111133111 311 3113 11133 11133313, 33313133131· 1133 13111111
11111133 31 proxima 1113113, 3311 13113313 33 13313, 1133111113 11111313-
31313 ’111-3311331311 11313131, 1333133333] hul-ha 31. rogitantium 13131·
33, 3113311333 33 1333 aliqua agredientem 3331331331, 3311113 33113
3333131131 1111111 1113 1131311313 131311, 31131 3133313 1133131131 3113333311,
333 3131111, ut 31133131, 13311313, 3311 3333113 311 tristitiam 3331113-
sitia. 1133111333] 11331133 31113 libaria, [3131331 1113313 333333, 3313333
3311 1131111111 3311133, 111313 31331133 gemitum 3311113 111333133133
1113311333 3113333, Ἶ1111311113 1313133133113 1113331133, 3131 quud 33-
131131313 Agrippinae lungo 31331313 13331131 1111111 31 1311311133 13
1131313 anteibant*

2* 1111133131 111133 3133131133 1131131133 (333331, 31111113 111. 133-
3131131113 Calabriae 3113111133 311 campani 3111113133 erga 1331331133]
filii 3111 31113313 fungerentur. igitur tribunorum 33313113333111113
umeris 3133133 113113113311111 11113333113113311 1333311113 31333, 113131
1333331 atqua 11111 1131113133 transgrederentur, 311313 11131133, 1113-
113311 equites 11111 1111111113 13111 1331331 31111133 31131133 funerum

