 

V*“

1111 Exci-⁴:551] AUGUSTI 1. taff-*n* 33

111111, 11111111113311113, 11111313 11111113 1131 33113133, ’13313111 31 fomenta
{lilargissfl 331, 1131111 ⁸53. Ρ1111133, 1131133313313111 1131131331 3311111111,
31311333 311311 11111131ρί133 11113113, 1331133 31 ,1113133 13331313 1311111-
11111113 [1311331313. 111 Tiberii 3311111113 3111113 pene-travit: 11311 311111]
311ΠῙ111333 3113 3111113, 11311. 3111311133 {ext-enum militum 1111111111 11113311.
nihil 1311311131 1111113111131111113. 11111 1311111111 manipulus 1313131331,
Signa 311331, 1311111111113111 1311111131, 1311133331 parum 11111111111133 filium
1111313 31311311 1111111111 311331313131 011333131111133 Ι[3131131113111 appellari
113111. 1131131313 13111 3111111 3113131133 Agrippinam 113331 13113133,
quam 113333; 31111111333331 11 1111111313 3311111333111, 11111 11131133 3113-
311113 3113131313 11113 1111113111. 3333111131131 11333 3331313311133 Sei-aff
11113, 11311113 1111111131 Γ11113111 31113 13 1113111113 13313113, 11333 133311-
113131 3331311113 [1131113131.
HJ. At 1131313111333 1311133313, 113113 1131111133 1131131111, 3333311311]
31 1133113111 1133313313 1113313 1311133111 P. vitellis· 1131331133 1131111,
111111 131131 3133313 1311333 111311 1333131 1131 1331111333 31113131, Ἦ-
1311133 primum 1131 31333 1131113 3111 31311133 3111333313 333111
1131313111 1131111111 111311 13113133 3113113313, ,3111131 3111313 333111333111,
qun 3111111133 1311133311 11333333, rapi 31111133 11311133. 31 3111113-
11311131· 1311331 3311313 11313 111311 33311113 1113133, 1131133 1113331111
1131313111 11133113 311 33111113, 1113113 3 profundis. sternuntur 113311-
1133, 113311113131· 311131111133ς 1331311111, 33131333, 3311111111 3331111113
111131113331, 3333133111. [13111113333131- 111131 33 3133111311, 1113113
1131111113, 1113113 313 1311113 3111311133, 3113333113 3311113313 31113 1113-
131311 3111 31111111. 111111 11111 31 mutui 1331111133 1333113111 31113133313
1111113, nihil ,3113111133 311 11111313, 3111113113 al] 133111113311, 3111131113
3 33311 1111131131 33113111[1311313133113 involvebantur. 1113113111 111131-
11113 111 3111113111 331333 33113111 11111333 3313131111, 1131333133313 3133
3131131111133, 3133 111111 111311113- para [13113 1131 31313313 3111111113,
1111311 11111133 3113313111133 11311111 [111113 1133113 31133111311131τ quippe
11113 311331 1131133133 11131113 113113, his 1331311313 33111331ψ 13111311-
didit, 13113111, 11333113111311133 311 31333111, qun Caffiffl· 313333 3311-
1331131111. 1311331133 113111 1311131133, 3333313 131113 3333131333, 1133
111133 3313113, 3313311331 [1333313111 exat-citumque. 1311333111 Ι1111313.
Π.. 1331 5131113133 311 33311113311331 111 11311111311313 5311131311131
11311331 1131133113 111333113333, 1113331 31 filium 3133 13 3111131331
*raum 1111 me. ang. 1—111. 3

