vfjj Ι

511 5111-11111511 Τὴν-111

1155551115, [1551111555511511 11111511·1[15151511“1155 15 5111515111 Β511131Π;
1151155 11155 5111151151151 1111111115 51511115, 51 511115 15115151· 51155511
vuluptatibus 115151, 5115 Tiberin 11151515 1151 5511 pupulum pffl·
151 5111155 1115111151 1151111511] 5511111151 5111151151 511 111111515 11511515.

55. 11111511 13555515 U. 1115111555 5555511555 [1555151151 Ger-
5155155 triumphus 51555515 115115; 1111511 quamquam 111 5551511551
51151515 5115 55151151, 151115 Ὶ15115 5115115511115 15 [31151155 51155155
111·115551111,,511111 51155 1555555151 [1155111515 11551515 15 Arminium
51·- &egeat-2111} 1551115515 1111551555 1151111115 15 555 5111 fide. Armi-
11155 151115151115111155155, 1151155155 1151511 15115111511515 555115 51155
51 5111115515 5511111115, 11551 1111511 15 51155 11551, 51151511 5115511555
’115111 51 55 51 111-15151515 51 5515155 51555155 1111511511 1111111
5115111551 1115115111 111-1551511155 51115115ς 511155 11151 15511155 1515,
1155 51151155 51 1115511155 1115551115151. 5511 varus 1515 51 vi Armini
5511111111 1551155155 5551111155111 55555555 gantis 15 11511551 1155155
11155515 1115551151, 555115 [1111511111 511115, quud 111-51111155 filiam
51115 5111 11551551 1511551511 115551· 1511555, 1111511555 555511, 11555-
11115 apud 5555511155 11115515 1151115115, iussit-„amenta 11511151 apud
15155555 515111.

1111, Igitur (151515515115 1111511551· 15515555, quinque auxiliarium
1111115 51 1115111111151155 55151155 Germanorum 515 Rhenum 551511-
111115 Ι3115511155 11·51111; 15111155] 1511151155, [1511115515 5551515111 55-
11151551 11155 1111511, 1155115555 55515115 5111151 15511515 11515151
111-55511111 111 11151115 Taum] 5111-1511111115 5551511551 15 Chattos 151111,
L. Apronio 1111 1511111115555 11151551 51 1155115515 1511515. 5551 11515111
1111 55515] 5155111115 51 5515111115 1115111515 1551155555] 1151 111511515-
1-5151, 151111551155 51 1155115551 51151115 1551551555 155155555151.
5511 1311111115 51155 1551511555 51115511, 111 1111511 1511155111551 551515
115 5555 51111151 5511111111 5111 11115111515111 511. 1515111115 11511155 111115*-
115111 11511115 11515155151, 1155155551155 1151115111 5555155115 5115511551.
115111 1511555115 5551111511115 1111151, 1551515115 11115115 555515155111115
115515, 511111 1151115111 511 [15111155151151 perfugissent„ reliqui 5111151115
115515 1151511115 15 5111155 11151151555151, 1355551 1555555 11151115 [111
1151111 555111] 5115115 1155515155 1151111 511111155515, 1155 5555 115515
15155 5115551155] 155555515, 1111511 1111 515115, 55511555 55111 magis
115515 pel· 1511511115515 555511. 155151 55151115 13115155515 1511515

1

