Ἴ

GURNELH Tfflrrl

55515111515 551155 1115511155, 115 1115115 quidem 5115151515 551 1511-
5515 5111115111 1151151, 1115155155 111 1115155 1151155 11115515111155 115-
111551 [fluia 1151 5511155 1555115511115111 51511] 5155511 viam: 5151111
tribuni 51 55515115555 1515515 1111151511] 5555 1155551551.

Εῖ. Τ11115 5551155155 in primipia 1555551155 dim-,a 55111 5115111111
5115111515 1551115115 55 555555115115 1551151. 555111 111 5111115 55151511]
5511 55 1151151115 temperanda manendumque 15115 vallum, 1151155
expugnandi 11115155 5115 propina 555551151551, 51511 5111111155 5111111ᾖ
pendum: 1115 5151111555 511 1111551151 1151155111. 1111511 51 sugerem,
pluria 511155, 1115155555 11151115 1151111155, 5551111551 1155115111 551151·-
55551, 51 1151511155 1151155 glot-iam. 11555 1151111 5515, 11555 111 511-
51115 11555515, 1115515151; 15115511 115 5111151515. 511555 11511155, 515115
a 5515, legatorum 1111155111111115115 5111111 5111111115115 15111551515 551-
1155 [1151151511] 1151111, 51 111, 11155 [151155 1111515111 1515551551.

63, Haud 1111555 15115155 (1511551155 5115, 5511111155 51 1111151515
dueum 5551551115 agebat„ 1111111515 5111515111 5515111 5515555511115
11115551 [151 1111111111 51 inpedita 51155511511115111 5551151115, 5115111515.
Inguiomero 51 155111 1151115115, 51 11511551 5111115 ambirent: pram·
ptam ssxpugnatinnssQ plures 5511111155, incorruptam prafldam 11115.
igit-‚ur 5115 1115 [11-51511111155555, 1111515111 515155, 5511111111. valli pren-
5551, 1515 551151 5111115 51 1111551 511 5151515 defixo. pnatquam
11555515 515511555115, datur 551151111155 signum 5515551155 55 1111155
5555155515. 51511111 51515515 51 15111515 1511115 Germanorum 511511111-
15111155151·, 55111511155155 1155 1115 511155 11511 55151155, 5511 5551115
15515 55111155 11555. 115511 1115115 5551111551 51 1155555 55 5551511555
5551151111 55555 1511515111, 151551 5151515111, quanm inopina„ 155111
11151515 offunduntur, 551155551555, 51 151155 5555111115 5111111, ita
5111151515 15115511. 1115115155 15155151, 1555151115155 11551 grave Ἰ’1511155
pugnam [1555155151 vulgus 1155111515111 551, done-t: 115 51 11155
pet-mansit. 551115 1151115111 1511515115 1551111155, 1155111115 11155- Ὶ1511115-
1551, 55115111 5111515111 agas-atas 1511115151, 111111 5551151551 5511155,
51111515. 15 1111115115 1111115515,

1111. Parmam-at 15151151 51155111151111 5551511115151115 5111115515
[1515115115111111 agmina [15111115 11511, 511 111 Agrippina 1555511551
11115115 [15515111 551111 [111111111515555 51551 qui 111 flagitium formidine
5511515111. 5511 1511111111 1511555 51111111 1115515 115515 11515115 11155 111-

