7

311 1·“,ῖ·ῑι;11ῑ11·311 AUGUSTI 11. *azam 43

1333131133 1113133333313 3331 311331133313. 33333 33 [1113133333 33ῃ
331-331133 1333111331 333333, 1133313111 1333131133, 3131331 3333313331
33333, 13331313 111333111113 1311113111. 31333333 (1311333133 33111131
effla-iendis 3333313 1131133 3131133313111 3133 adgreditur 31331331
3333313333] 3113133113, 33133 313313 31333333 3111133. 311331 311-
333331133, 31 13133 31111113 11311331131111 relinqueret 1333311331 111331
1133113 3131133, 331 113113 31131 3113 113333 1133 3131 33311 [131133-
3133 31133331 3311131 111133133311331 33 1133313313 13313331 333333,
113311 3331133333 333 31313 [131111331333ἱ 3333133331 fingi 33 33333
331 1311111331 331-33 13111 1133311 3113313111 133311333133

ἓῗ. Sul} 1113111 33111333 3 13311113 53111133131331 111113 [1133113
1131131331 3131111 133 33133. 3133 3333311 1111311131ΙΙ 3111133111, 113331
33133133 11133313311 quia 3313 3111113111 1333133 3333 31133 331Ιὶ 333
33333 13111 3311113331 33311313. Firmius Catus 3333331, 33 13311113
1111111313 3111131313, 13333331 1331311333] 33 13311331 1333111113 311
Chaldaeorum 3111311333, 1333311131 33313, 3331313133] 331331 13331-
313333 13133113, 111131 31331313 Ρ3111331331, 31313313 331-1113111313,
quaa quondam 31133331 33313311 133133, 333331111333 [13333133
3133331 1313311111133 11313331 3333113311,Ι hortaturque 311 1311313 33
333 3113113111, 333133 libidinum 33 3333331333331, qut] 3111111133 iu*
1113113 131133133ἡ

23. Ut 33313 33331331 33 qui 33111 3311313 333331333 13333113,
31113331 311 3113313331 33333133, 1133133331333 31113133 33 133 331·
Ε’1333313 111333313113111 33313313 Romanum, 331 3133131· 3313 Τ1-
113113 11333 3133. 1333331· 1311131313 113311 3333133333 3333133333
31133131 33333 3111111 31111331 Ὲ13333 13331333313 3311113333 3313-
1113313. 331133 13331131 Libonem 111333 31333313, 33311331333 311-
11111331 1133 131311 311333333, 1133 1311113 33133133131 [adeo 11313
3331111131·33]; 3333311333 3133 111333 13333333, 31113 31311111313 333333,
33113 11131311331 113333 [33133 1131113111Ἰ 3313333333 33 13131333 3111-
11133 331311311133 31133133, 311 11313131313 Τ1133313 1311131313 11333113.
33131113 13331· 33333333133 ’11113313 1333313111 3133 avidumque 1311133
1113133. 3333113 33111313 133111Ἰ 31113 33333133, 333313133331 3333333
333313. 33 13333331 333133, 3311133 3333111333111131 311331 1-3 133333

33 331331.
211. Libo 13331131 113333 1111133311 311111 primoribus 1311111113
’1ἰ3111311 1133. ssug. 1-1114 4

